A99      81.963 -13.175  -2.329  
L161      77.474 -19.028  -4.861  

A100      77.965 -16.586  -2.188     
T148      67.987 -18.825  -3.946    

L161      77.474 -19.028  -4.861   
L145      68.205 -15.167  -0.738   

L161      77.474 -19.028  -4.861   
T148      67.987 -18.825  -3.946   

C105      72.818  -8.282  -3.673   
L145      68.205 -15.167  -0.738  

A116      66.318 -16.066 -10.374   
S144      65.707 -15.528  -5.407  

T112      68.386 -11.299  -9.973  
S144      65.707 -15.528  -5.407   

L115      71.560 -15.586 -10.174  
L161      77.474 -19.028  -4.861   

V103      77.647 -12.632  -6.046   
L161      77.474 -19.028  -4.861  

L165      78.821 -17.387 -11.564    
L115      71.560 -15.586 -10.174 

V177      81.214 -15.510  -6.887  
V162      81.565 -19.421  -7.844   

V177      81.214 -15.510  -6.887  
V158      80.794 -21.105  -1.022 

V177      81.214 -15.510  -6.887   
L161      77.474 -19.028  -4.861  





