L10      15.537  12.062  16.636 
I26      16.439  11.420  25.793
                   
V9      12.516  17.146  16.112
V88      15.148  20.535  22.710  

I8      12.988  15.054  21.558   
I26      16.439  11.420  25.793 

I8      12.988  15.054  21.558   
V88      15.148  20.535  22.710  

I8      12.988  15.054  21.558   
T63       9.053  13.452  27.809 

I26      16.439  11.420  25.793   
T63       9.053  13.452  27.809  

I26      16.439  11.420  25.793  
L75      17.075  19.656  31.012  

V88      15.148  20.535  22.710    
V6      10.524  17.305  27.012  

V88      15.148  20.535  22.710    
A7       8.340  18.828  21.740  

A7       8.340  18.828  21.740   
T63       9.053  13.452  27.809   

A29      19.719  14.109  29.658   
L75      17.075  19.656  31.012 

V6      10.524  17.305  27.012  
T63       9.053  13.452  27.809 

V6      10.524  17.305  27.012  
V65       9.278  15.619  32.726  

T4       7.864  20.681  31.412   
V65       9.278  15.619  32.726   

A35      12.991  15.058  34.682    
V65       9.278  15.619  32.726   

L30      14.963  12.833  31.770    
L75      17.075  19.656  31.012   

L30      14.963  12.833  31.770    
T63       9.053  13.452  27.809  

T63       9.053  13.452  27.809   
V40       7.796   8.077  27.037  

T63       9.053  13.452  27.809   
V37      10.118  10.119  32.788  

V65       9.278  15.619  32.726   
V37      10.118  10.119  32.788  

L75      17.075  19.656  31.012  
T33      18.047  17.706  34.651   

L30      14.963  12.833  31.770  
V65       9.278  15.619  32.726  



